sintab
	dc.w	0,804,1607,2410,3211,4011,4808,5602
	dc.w	6392,7179,7961,8739,9512,10278,11039,11793
	dc.w	12539,13728,14010,14732,15446,16151,16846,17530
	dc.w	18204,18868,19519,20159,20787,21403,22005,22594
	dc.w	23170,23732,24279,24812,25330,25832,26319,26790
	dc.w	27245,27684,28106,28511,28898,29269,29621,29956
	dc.w	30273,30572,30852,31114,31357,31581,31785,31971
	dc.w	32138,32285,32413,32521,32610,32679,32728,32758
	dc.w	32767
	dc.w	32758,32728,32679,32610,32521,32413,32285,32138
	dc.w	31971,31785,31581,31357,31114,30852,30572,30273
	dc.w	29956,29621,29269,28898,28511,28106,27684,27245
	dc.w	26790,26319,25832,25330,24812,24279,23732,23170
	dc.w	22594,22005,21403,20787,20159,19519,18868,18204
	dc.w	17530,16846,16151,15446,14732,14010,13728,12539
	dc.w	11793,11039,10278,9512,8739,7961,7179,6392
	dc.w	5602,4808,4011,3211,2410,1607,804,0

	dc.w	-804,-1607,-2410,-3211,-4011,-4808,-5602
	dc.w	-6392,-7179,-7961,-8739,-9512,-10278,-11039,-11793
	dc.w	-12539,-13728,-14010,-14732,-15446,-16151,-16846,-17530
	dc.w	-18204,-18868,-19519,-20159,-20787,-21403,-22005,-22594
	dc.w	-23170,-23732,-24279,-24812,-25330,-25832,-26319,-26790
	dc.w	-27245,-27684,-28106,-28511,-28898,-29269,-29621,-29956
	dc.w	-30273,-30572,-30852,-31114,-31357,-31581,-31785,-31971
	dc.w	-32138,-32285,-32413,-32521,-32610,-32679,-32728,-32758
	dc.w	-32767
	dc.w	-32758,-32728,-32679,-32610,-32521,-32413,-32285,-32138
	dc.w	-31971,-31785,-31581,-31357,-31114,-30852,-30572,-30273
	dc.w	-29956,-29621,-29269,-28898,-28511,-28106,-27684,-27245
	dc.w	-26790,-26319,-25832,-25330,-24812,-24279,-23732,-23170
	dc.w	-22594,-22005,-21403,-20787,-20159,-19519,-18868,-18204
	dc.w	-17530,-16846,-16151,-15446,-14732,-14010,-13728,-12539
	dc.w	-11793,-11039,-10278,-9512,-8739,-7961,-7179,-6392
	dc.w	-5602,-4808,-4011,-3211,-2410,-1607,-804
